16485503130352989446
14460546299403608441
12091606328912955913
658362695166571187
10299083301069452799
6246733813213653781
9894693388863557539
641788762151170041
1
0
0
0
10299083301069452799
6246733813213653781
9894693388863557539
641788762151170041
1
0
0
0
9235306022681614764
2105368860745625991
5898973659132746843
72719340854451538
9417438158472847662
1143426057176649137
4356844307469729597
269517261378429491
1
0
0
0
9417438158472847662
1143426057176649137
4356844307469729597
269517261378429491
1
0
0
0
832477703073476322
10418363654452079862
5435370224117268617
513217037562239789
11332038816608305592
7269217974725514066
410104311823583547
350608432668384471
1
0
0
0
11332038816608305592
7269217974725514066
410104311823583547
350608432668384471
1
0
0
0
12504999578241447633
15158106138291280734
4715485198434666924
845024264582597410
16716271602913669234
4513003319527738902
11577822255870449376
756562357393279810
1
0
0
0
16716271602913669234
4513003319527738902
11577822255870449376
756562357393279810
1
0
0
0
7802620032342143170
15772062955874743378
18197407831220326827
636013525730279106
1047794797349634578
10244851223331666263
3058970463758053053
583337694431175554
1
0
0
0
1047794797349634578
10244851223331666263
3058970463758053053
583337694431175554
1
0
0
0
10920508647084400813
1182489588879454798
7074674979224929310
894834465770722665
10488691536281614259
13752900501867197731
5582013477603285990
462849943473994091
1
0
0
0
10488691536281614259
13752900501867197731
5582013477603285990
462849943473994091
1
0
0
0
11261921545582546581
13215813967735458709
9445678594646395827
892737111919967404
4603416903935877976
13271237797945890254
12428275416441294907
48685603727982536
1
0
0
0
4603416903935877976
13271237797945890254
12428275416441294907
48685603727982536
1
0
0
0
16984319740038616612
10839377156204484758
6031962446749791386
809433239820565566
9753004656334399677
1509117217809924776
12607812432749640378
255501610044867180
1
0
0
0
9753004656334399677
1509117217809924776
12607812432749640378
255501610044867180
1
0
0
0
15543003195549069637
11193499566351120057
652115668075637972
209497195311355271
2878110024859120207
4869320080707266999
8553715797023625049
999381756035505184
1
0
0
0
2878110024859120207
4869320080707266999
8553715797023625049
999381756035505184
1
0
0
0
6184041028426532117
4522107701798609809
6862573700529632170
114301487920452513
16124439668155225646
17673199525815194367
14699888921941772296
189733896064985306
1
0
0
0
16124439668155225646
17673199525815194367
14699888921941772296
189733896064985306
1
0
0
0
12591861212310358871
11545709664997980230
18178322732197818893
800385593159546557
7008252819123144650
9113175954114604930
14375588942414253440
1058810216143670885
1
0
0
0
7008252819123144650
9113175954114604930
14375588942414253440
1058810216143670885
1
0
0
0
7807399799713268232
9914836891497846894
4057840807654557185
364233452383192840
12652159837284984229
13500710931314234890
7585361598430707249
1141883183279740660
1
0
0
0
12652159837284984229
13500710931314234890
7585361598430707249
1141883183279740660
1
0
0
0
13765747147208340509
11853685243164433964
2470821377688437368
1070736141190967969
8689297662678034802
13299230065083523240
3853953970347345716
1098716271603844953
1
0
0
0
8689297662678034802
13299230065083523240
3853953970347345716
1098716271603844953
1
0
0
0
7361779580939271080
1211275153723578016
565738608447426876
348852222156219787
14894267403929053889
4429034575792191037
7064707511455036381
510605397087900893
1
0
0
0
14894267403929053889
4429034575792191037
7064707511455036381
510605397087900893
1
0
0
0